5.21
5.41
5.61
5.82
6.02
6.22
6.41
6.61
6.80
6.99
7.17
7.35
7.53
7.70
7.86
8.02
8.18
8.33
8.47
8.60
8.73
8.85
8.97
9.07
9.17
9.26
9.35
9.42
9.49
9.54
9.59
9.63
9.66
9.69
9.70
9.71
9.70
9.69
9.66
9.63
9.59
9.54
9.49
9.42
9.35
9.26
9.17
9.07
5.31
5.63
5.94
6.25
6.55
6.86
7.16
7.46
7.75
8.04
8.32
8.59
8.86
9.12
9.37
9.62
9.85
10.08
10.29
10.50
10.70
10.88
11.06
11.22
11.37
11.51
11.64
11.75
11.85
11.94
12.01
12.07
12.12
12.15
12.17
12.18
12.17
12.15
12.12
12.07
12.01
11.94
11.85
11.75
11.64
11.51
11.37
11.22
5.31
5.62
5.93
6.24
6.54
6.85
7.14
7.44
7.73
8.01
8.29
8.57
8.83
9.09
9.34
9.58
9.82
10.04
10.26
10.46
10.66
10.84
11.02
11.18
11.33
11.46
11.59
11.70
11.80
11.89
11.96
12.02
12.07
12.11
12.13
12.13
12.13
12.11
12.07
12.02
11.96
11.89
11.80
11.70
11.59
11.46
11.33
11.18
5.28
5.57
5.85
6.13
6.41
6.69
6.96
7.23
7.50
7.76
8.01
8.26
8.51
8.74
8.97
9.20
9.41
9.62
9.81
10.00
10.18
10.35
10.50
10.65
10.79
10.92
11.03
11.13
11.22
11.30
11.37
11.43
11.47
11.50
11.52
11.53
11.52
11.50
11.47
11.43
11.37
11.30
11.22
11.13
11.03
10.92
10.79
10.65
5.01
5.03
5.04
5.05
5.06
5.07
5.09
5.10
5.11
5.12
5.13
5.14
5.15
5.16
5.17
5.18
5.19
5.20
5.21
5.22
5.23
5.24
5.24
5.25
5.25
5.26
5.27
5.27
5.27
5.28
5.28
5.28
5.28
5.29
5.29
5.29
5.29
5.29
5.28
5.28
5.28
5.28
5.27
5.27
5.27
5.26
5.25
5.25
5.24
5.48
5.72
5.96
6.20
6.43
6.66
6.89
7.12
7.34
7.56
7.77
7.97
8.17
8.37
8.56
8.74
8.91
9.08
9.24
9.39
9.53
9.67
9.79
9.91
10.02
10.11
10.20
10.28
10.35
10.40
10.45
10.49
10.51
10.53
10.53
10.53
10.51
10.49
10.45
10.40
10.35
10.28
10.20
10.11
10.02
9.91
9.79
5.13
5.26
5.40
5.53
5.66
5.78
5.91
6.04
6.16
6.28
6.40
6.51
6.63
6.74
6.84
6.95
7.05
7.14
7.23
7.32
7.40
7.48
7.56
7.62
7.69
7.75
7.80
7.85
7.89
7.93
7.96
7.98
8.00
8.02
8.03
8.03
8.03
8.02
8.00
7.98
7.96
7.93
7.89
7.85
7.80
7.75
7.69
7.62
5.18
5.36
5.54
5.72
5.90
6.07
6.25
6.42
6.59
6.75
6.92
7.07
7.23
7.38
7.53
7.67
7.80
7.93
8.06
8.18
8.29
8.40
8.50
8.59
8.68
8.76
8.83
8.90
8.96
9.01
9.05
9.09
9.11
9.13
9.14
9.15
9.14
9.13
9.11
9.09
9.05
9.01
8.96
8.90
8.83
8.76
8.68
8.59
5.23
5.46
5.69
5.91
6.14
6.36
6.58
6.80
7.01
7.22
7.43
7.63
7.83
8.02
8.20
8.38
8.56
8.72
8.88
9.03
9.18
9.31
9.44
9.56
9.67
9.77
9.86
9.95
10.02
10.08
10.14
10.18
10.22
10.24
10.26
10.26
10.26
10.24
10.22
10.18
10.14
10.08
10.02
9.95
9.86
9.77
9.67
9.56
5.07
5.14
5.20
5.27
5.34
5.40
5.47
5.53
5.59
5.66
5.72
5.78
5.83
5.89
5.94
6.00
6.05
6.10
6.14
6.19
6.23
6.27
6.31
6.34
6.38
6.41
6.43
6.46
6.48
6.50
6.51
6.53
6.54
6.54
6.55
6.55
6.55
6.54
6.54
6.53
6.51
6.50
6.48
6.46
6.43
6.41
6.38
6.34
5.10
5.19
5.28
5.38
5.47
5.56
5.66
5.75
5.83
5.92
6.01
6.09
6.17
6.25
6.33
6.40
6.47
6.54
6.61
6.67
6.73
6.78
6.84
6.89
6.93
6.97
7.01
7.05
7.08
7.10
7.13
7.15
7.16
7.17
7.18
7.18
7.18
7.17
7.16
7.15
7.13
7.10
7.08
7.05
7.01
6.97
6.93
6.89
5.25
5.50
5.75
6.00
6.24
6.49
6.73
6.97
7.20
7.43
7.65
7.87
8.09
8.30
8.50
8.70
8.88
9.07
9.24
9.40
9.56
9.71
9.85
9.98
10.10
10.21
10.31
10.40
10.48
10.55
10.61
10.66
10.70
10.73
10.74
10.75
10.74
10.73
10.70
10.66
10.61
10.55
10.48
10.40
10.31
10.21
10.10
9.98
5.27
5.55
5.82
6.09
6.36
6.62
6.88
7.14
7.40
7.65
7.89
8.13
8.37
8.59
8.81
9.03
9.23
9.43
9.62
9.80
9.97
10.13
10.28
10.42
10.56
10.68
10.79
10.89
10.97
11.05
11.12
11.17
11.21
11.24
11.26
11.26
11.26
11.24
11.21
11.17
11.12
11.05
10.97
10.89
10.79
10.68
10.56
10.42
5.30
5.59
5.89
6.18
6.47
6.76
7.05
7.33
7.60
7.87
8.14
8.40
8.66
8.90
9.14
9.37
9.60
9.81
10.02
10.21
10.40
10.57
10.74
10.89
11.03
11.17
11.28
11.39
11.49
11.57
11.64
11.70
11.74
11.78
11.80
11.80
11.80
11.78
11.74
11.70
11.64
11.57
11.49
11.39
11.28
11.17
11.03
10.89
5.27
5.54
5.81
6.08
6.34
6.61
6.86
7.12
7.37
7.62
7.86
8.10
8.33
8.56
8.78
8.99
9.19
9.39
9.57
9.75
9.92
10.08
10.23
10.37
10.50
10.62
10.73
10.83
10.91
10.99
11.05
11.11
11.15
11.18
11.20
11.20
11.20
11.18
11.15
11.11
11.05
10.99
10.91
10.83
10.73
10.62
10.50
10.37
5.01
5.03
5.04
5.05
5.06
5.08
5.09
5.10
5.11
5.12
5.14
5.15
5.16
5.17
5.18
5.19
5.20
5.21
5.22
5.22
5.23
5.24
5.25
5.25
5.26
5.27
5.27
5.28
5.28
5.28
5.29
5.29
5.29
5.29
5.29
5.29
5.29
5.29
5.29
5.29
5.29
5.28
5.28
5.28
5.27
5.27
5.26
5.25
5.21
5.41
5.61
5.82
6.02
6.22
6.41
6.61
6.80
6.99
7.17
7.35
7.53
7.70
7.86
8.02
8.18
8.33
8.47
8.60
8.73
8.85
8.97
9.07
9.17
9.26
9.35
9.42
9.49
9.54
9.59
9.63
9.66
9.69
9.70
9.71
9.70
9.69
9.66
9.63
9.59
9.54
9.49
9.42
9.35
9.26
9.17
9.07
5.31
5.63
5.94
6.25
6.55
6.86
7.16
7.46
7.75
8.04
8.32
8.59
8.86
9.12
9.37
9.62
9.85
10.08
10.29
10.50
10.70
10.88
11.06
11.22
11.37
11.51
11.64
11.75
11.85
11.94
12.01
12.07
12.12
12.15
12.17
12.18
12.17
12.15
12.12
12.07
12.01
11.94
11.85
11.75
11.64
11.51
11.37
11.22
5.31
5.62
5.93
6.24
6.54
6.85
7.14
7.44
7.73
8.01
8.29
8.57
8.83
9.09
9.34
9.58
9.82
10.04
10.26
10.46
10.66
10.84
11.02
11.18
11.33
11.46
11.59
11.70
11.80
11.89
11.96
12.02
12.07
12.11
12.13
12.13
12.13
12.11
12.07
12.02
11.96
11.89
11.80
11.70
11.59
11.46
11.33
11.18
5.28
5.57
5.85
6.13
6.41
6.69
6.96
7.23
7.50
7.76
8.01
8.26
8.51
8.74
8.97
9.20
9.41
9.62
9.81
10.00
10.18
10.35
10.50
10.65
10.79
10.92
11.03
11.13
11.22
11.30
11.37
11.43
11.47
11.50
11.52
11.53
11.52
11.50
11.47
11.43
11.37
11.30
11.22
11.13
11.03
10.92
10.79
10.65
5.01
5.03
5.04
5.05
5.06
5.07
5.09
5.10
5.11
5.12
5.13
5.14
5.15
5.16
5.17
5.18
5.19
5.20
5.21
5.22
5.23
5.24
5.24
5.25
5.25
5.26
5.27
5.27
5.27
5.28
5.28
5.28
5.28
5.29
5.29
5.29
5.29
5.29
5.28
5.28
5.28
5.28
5.27
5.27
5.27
5.26
5.25
5.25
5.24
5.48
5.72
5.96
6.20
6.43
6.66
6.89
7.12
7.34
7.56
7.77
7.97
8.17
8.37
8.56
8.74
8.91
9.08
9.24
9.39
9.53
9.67
9.79
9.91
10.02
10.11
10.20
10.28
10.35
10.40
10.45
10.49
10.51
10.53
10.53
10.53
10.51
10.49
10.45
10.40
10.35
10.28
10.20
10.11
10.02
9.91
9.79
5.13
5.26
5.40
5.53
5.66
5.78
5.91
6.04
6.16
6.28
6.40
6.51
6.63
6.74
6.84
6.95
7.05
7.14
7.23
7.32
7.40
7.48
7.56
7.62
7.69
7.75
7.80
7.85
7.89
7.93
7.96
7.98
8.00
8.02
8.03
8.03
8.03
8.02
8.00
7.98
7.96
7.93
7.89
7.85
7.80
7.75
7.69
7.62
5.18
5.36
5.54
5.72
5.90
6.07
6.25
6.42
6.59
6.75
6.92
7.07
7.23
7.38
7.53
7.67
7.80
7.93
8.06
8.18
8.29
8.40
8.50
8.59
8.68
8.76
8.83
8.90
8.96
9.01
9.05
9.09
9.11
9.13
9.14
9.15
9.14
9.13
9.11
9.09
9.05
9.01
8.96
8.90
8.83
8.76
8.68
8.59
5.23
5.46
5.69
5.91
6.14
6.36
6.58
6.80
7.01
7.22
7.43
7.63
7.83
8.02
8.20
8.38
8.56
8.72
8.88
9.03
9.18
9.31
9.44
9.56
9.67
9.77
9.86
9.95
10.02
10.08
10.14
10.18
10.22
10.24
10.26
10.26
10.26
10.24
10.22
10.18
10.14
10.08
10.02
9.95
9.86
9.77
9.67
9.56
5.07
5.14
5.20
5.27
5.34
5.40
5.47
5.53
5.59
5.66
5.72
5.78
5.83
5.89
5.94
6.00
6.05
6.10
6.14
6.19
6.23
6.27
6.31
6.34
6.38
6.41
6.43
6.46
6.48
6.50
6.51
6.53
6.54
6.54
6.55
6.55
6.55
6.54
6.54
6.53
6.51
6.50
6.48
6.46
6.43
6.41
6.38
6.34
5.10
5.19
5.28
5.38
5.47
5.56
5.66
5.75
5.83
5.92
6.01
6.09
6.17
6.25
6.33
6.40
6.47
6.54
6.61
6.67
6.73
6.78
6.84
6.89
6.93
6.97
7.01
7.05
7.08
7.10
7.13
7.15
7.16
7.17
7.18
7.18
7.18
7.17
7.16
7.15
7.13
7.10
7.08
7.05
7.01
6.97
6.93
6.89
5.25
5.50
5.75
6.00
6.24
6.49
6.73
6.97
7.20
7.43
7.65
7.87
8.09
8.30
8.50
8.70
8.88
9.07
9.24
9.40
9.56
9.71
9.85
9.98
10.10
10.21
10.31
10.40
10.48
10.55
10.61
10.66
10.70
10.73
10.74
10.75
10.74
10.73
10.70
10.66
10.61
10.55
10.48
10.40
10.31
10.21
10.10
9.98
5.27
5.55
5.82
6.09
6.36
6.62
6.88
7.14
7.40
7.65
7.89
8.13
8.37
8.59
8.81
9.03
9.23
9.43
9.62
9.80
9.97
10.13
10.28
10.42
10.56
10.68
10.79
10.89
10.97
11.05
11.12
11.17
11.21
11.24
11.26
11.26
11.26
11.24
11.21
11.17
11.12
11.05
10.97
10.89
10.79
10.68
10.56
10.42
5.30
5.59
5.89
6.18
6.47
6.76
7.05
7.33
7.60
7.87
8.14
8.40
8.66
8.90
9.14
9.37
9.60
9.81
10.02
10.21
10.40
10.57
10.74
10.89
11.03
11.17
11.28
11.39
11.49
11.57
11.64
11.70
11.74
11.78
11.80
11.80
11.80
11.78
11.74
11.70
11.64
11.57
11.49
11.39
11.28
11.17
11.03
10.89
5.27
5.54
5.81
6.08
6.34
6.61
6.86
7.12
7.37
7.62
7.86
8.10
8.33
8.56
8.78
8.99
9.19
9.39
9.57
9.75
9.92
10.08
10.23
10.37
10.50
10.62
10.73
10.83
10.91
10.99
11.05
11.11
11.15
11.18
11.20
11.20
11.20
11.18
11.15
11.11
11.05
10.99
10.91
10.83
10.73
10.62
10.50
10.37
5.01
5.03
5.04
5.05
5.06
5.08
5.09
5.10
5.11
5.12
5.14
5.15
5.16
5.17
5.18
5.19
5.20
5.21
5.22
5.22
5.23
5.24
5.25
5.25
5.26
5.27
5.27
5.28
5.28
5.28
5.29
5.29
5.29
5.29
5.29
5.29
5.29
5.29
5.29
5.29
5.29
5.28
5.28
5.28
5.27
5.27
5.26
5.25
5.21
5.41
5.61
5.82
6.02
6.22
6.41
6.61
6.80
6.99
7.17
7.35
7.53
7.70
7.86
8.02
8.18
8.33
8.47
8.60
8.73
8.85
8.97
9.07
9.17
9.26
9.35
9.42
9.49
9.54
9.59
9.63
9.66
9.69
9.70
9.71
9.70
9.69
9.66
9.63
9.59
9.54
9.49
9.42
9.35
9.26
9.17
9.07
5.31
5.63
5.94
6.25
6.55
6.86
7.16
7.46
7.75
8.04
8.32
8.59
8.86
9.12
9.37
9.62
9.85
10.08
10.29
10.50
10.70
10.88
11.06
11.22
11.37
11.51
11.64
11.75
11.85
11.94
12.01
12.07
12.12
12.15
12.17
12.18
12.17
12.15
12.12
12.07
12.01
11.94
11.85
11.75
11.64
11.51
11.37
11.22
5.31
5.62
5.93
6.24
6.54
6.85
7.14
7.44
7.73
8.01
8.29
8.57
8.83
9.09
9.34
9.58
9.82
10.04
10.26
10.46
10.66
10.84
11.02
11.18
11.33
11.46
11.59
11.70
11.80
11.89
11.96
12.02
12.07
12.11
12.13
12.13
12.13
12.11
12.07
12.02
11.96
11.89
11.80
11.70
11.59
11.46
11.33
11.18
5.28
5.57
5.85
6.13
6.41
6.69
6.96
7.23
7.50
7.76
8.01
8.26
8.51
8.74
8.97
9.20
9.41
9.62
9.81
10.00
10.18
10.35
10.50
10.65
10.79
10.92
11.03
11.13
11.22
11.30
11.37
11.43
11.47
11.50
11.52
11.53
11.52
11.50
11.47
11.43
11.37
11.30
11.22
11.13
11.03
10.92
10.79
10.65
5.01
5.03
5.04
5.05
5.06
5.07
5.09
5.10
5.11
5.12
5.13
5.14
5.15
5.16
5.17
5.18
5.19
5.20
5.21
5.22
5.23
5.24
5.24
5.25
5.25
5.26
5.27
5.27
5.27
5.28
5.28
5.28
5.28
5.29
5.29
5.29
5.29
5.29
5.28
5.28
5.28
5.28
5.27
5.27
5.27
5.26
5.25
5.25
5.24
5.48
5.72
5.96
6.20
6.43
6.66
6.89
7.12
7.34
7.56
7.77
7.97
8.17
8.37
8.56
8.74
8.91
9.08
9.24
9.39
9.53
9.67
9.79
9.91
10.02
10.11
10.20
10.28
10.35
10.40
10.45
10.49
10.51
10.53
10.53
10.53
10.51
10.49
10.45
10.40
10.35
10.28
10.20
10.11
10.02
9.91
9.79
5.13
5.26
5.40
5.53
5.66
5.78
5.91
6.04
6.16
6.28
6.40
6.51
6.63
6.74
6.84
6.95
7.05
7.14
7.23
7.32
7.40
7.48
7.56
7.62
7.69
7.75
7.80
7.85
7.89
7.93
7.96
7.98
8.00
8.02
8.03
8.03
8.03
8.02
8.00
7.98
7.96
7.93
7.89
7.85
7.80
7.75
7.69
7.62
5.18
5.36
5.54
5.72
5.90
6.07
6.25
6.42
6.59
6.75
6.92
7.07
7.23
7.38
7.53
7.67
7.80
7.93
8.06
8.18
8.29
8.40
8.50
8.59
8.68
8.76
8.83
8.90
8.96
9.01
9.05
9.09
9.11
9.13
9.14
9.15
9.14
9.13
9.11
9.09
9.05
9.01
8.96
8.90
8.83
8.76
8.68
8.59
5.23
5.46
5.69
5.91
6.14
6.36
6.58
6.80
7.01
7.22
7.43
7.63
7.83
8.02
8.20
8.38
8.56
8.72
8.88
9.03
9.18
9.31
9.44
9.56
9.67
9.77
9.86
9.95
10.02
10.08
10.14
10.18
10.22
10.24
10.26
10.26
10.26
10.24
10.22
10.18
10.14
10.08
10.02
9.95
9.86
9.77
9.67
9.56
5.07
5.14
5.20
5.27
5.34
5.40
5.47
5.53
5.59
5.66
5.72
5.78
5.83
5.89
5.94
6.00
6.05
6.10
6.14
6.19
6.23
6.27
6.31
6.34
6.38
6.41
6.43
6.46
6.48
6.50
6.51
6.53
6.54
6.54
6.55
6.55
6.55
6.54
6.54
6.53
6.51
6.50
6.48
6.46
6.43
6.41
6.38
6.34
5.10
5.19
5.28
5.38
5.47
5.56
5.66
5.75
5.83
5.92
6.01
6.09
6.17
6.25
6.33
6.40
6.47
6.54
6.61
6.67
6.73
6.78
6.84
6.89
6.93
6.97
7.01
7.05
7.08
7.10
7.13
7.15
7.16
7.17
7.18
7.18
7.18
7.17
7.16
7.15
7.13
7.10
7.08
7.05
7.01
6.97
6.93
6.89
5.25
5.50
5.75
6.00
6.24
6.49
6.73
6.97
7.20
7.43
7.65
7.87
8.09
8.30
8.50
8.70
8.88
9.07
9.24
9.40
9.56
9.71
9.85
9.98
10.10
10.21
10.31
10.40
10.48
10.55
10.61
10.66
10.70
10.73
10.74
10.75
10.74
10.73
10.70
10.66
10.61
10.55
10.48
10.40
10.31
10.21
10.10
9.98
5.27
5.55
5.82
6.09
6.36
6.62
6.88
7.14
7.40
7.65
7.89
8.13
8.37
8.59
8.81
9.03
9.23
9.43
9.62
9.80
9.97
10.13
10.28
10.42
10.56
10.68
10.79
10.89
10.97
11.05
11.12
11.17
11.21
11.24
11.26
11.26
11.26
11.24
11.21
11.17
11.12
11.05
10.97
10.89
10.79
10.68
10.56
10.42
5.30
5.59
5.89
6.18
6.47
6.76
7.05
7.33
7.60
7.87
8.14
8.40
8.66
8.90
9.14
9.37
9.60
9.81
10.02
10.21
10.40
10.57
10.74
10.89
11.03
11.17
11.28
11.39
11.49
11.57
11.64
11.70
11.74
11.78
11.80
11.80
11.80
11.78
11.74
11.70
11.64
11.57
11.49
11.39
11.28
11.17
11.03
10.89
5.27
5.54
5.81
6.08
6.34
6.61
6.86
7.12
7.37
7.62
7.86
8.10
8.33
8.56
8.78
8.99
9.19
9.39
9.57
9.75
9.92
10.08
10.23
10.37
10.50
10.62
10.73
10.83
10.91
10.99
11.05
11.11
11.15
11.18
11.20
11.20
11.20
11.18
11.15
11.11
11.05
10.99
10.91
10.83
10.73
10.62
10.50
10.37
5.01
5.03
5.04
5.05
5.06
5.08
5.09
5.10
5.11
5.12
5.14
5.15
5.16
5.17
5.18
5.19
5.20
5.21
5.22
5.22
5.23
5.24
5.25
5.25
5.26
5.27
5.27
5.28
5.28
5.28
5.29
5.29
5.29
5.29
5.29
5.29
5.29
5.29
5.29
5.29
5.29
5.28
5.28
5.28
5.27
5.27
5.26
5.25
5.21
5.41
5.61
5.82
6.02
6.22
6.41
6.61
6.80
6.99
7.17
7.35
7.53
7.70
7.86
8.02
8.18
8.33
8.47
8.60
8.73
8.85
8.97
9.07
9.17
9.26
9.35
9.42
9.49
9.54
9.59
9.63
9.66
9.69
9.70
9.71
9.70
9.69
9.66
9.63
9.59
9.54
9.49
9.42
9.35
9.26
9.17
9.07
5.31
5.63
5.94
6.25
6.55
6.86
7.16
7.46
7.75
8.04
8.32
8.59
8.86
9.12
9.37
9.62
9.85
10.08
10.29
10.50
10.70
10.88
11.06
11.22
11.37
11.51
11.64
11.75
11.85
11.94
12.01
12.07
12.12
12.15
12.17
12.18
12.17
12.15
12.12
12.07
12.01
11.94
11.85
11.75
11.64
11.51
11.37
11.22
5.31
5.62
5.93
6.24
6.54
6.85
7.14
7.44
7.73
8.01
8.29
8.57
8.83
9.09
9.34
9.58
9.82
10.04
10.26
10.46
10.66
10.84
11.02
11.18
11.33
11.46
11.59
11.70
11.80
11.89
11.96
12.02
12.07
12.11
12.13
12.13
12.13
12.11
12.07
12.02
11.96
11.89
11.80
11.70
11.59
11.46
11.33
11.18
5.28
5.57
5.85
6.13
6.41
6.69
6.96
7.23
7.50
7.76
8.01
8.26
8.51
8.74
8.97
9.20
9.41
9.62
9.81
10.00
10.18
10.35
10.50
10.65
10.79
10.92
11.03
11.13
11.22
11.30
11.37
11.43
11.47
11.50
11.52
11.53
11.52
11.50
11.47
11.43
11.37
11.30
11.22
11.13
11.03
10.92
10.79
10.65
5.01
5.03
5.04
5.05
5.06
5.07
5.09
5.10
5.11
5.12
5.13
5.14
5.15
5.16
5.17
5.18
5.19
5.20
5.21
5.22
5.23
5.24
5.24
5.25
5.25
5.26
5.27
5.27
5.27
5.28
5.28
5.28
5.28
5.29
5.29
5.29
5.29
5.29
5.28
5.28
5.28
5.28
5.27
5.27
5.27
5.26
5.25
5.25
5.24
5.48
5.72
5.96
6.20
6.43
6.66
6.89
7.12
7.34
7.56
7.77
7.97
8.17
8.37
8.56
8.74
8.91
9.08
9.24
9.39
9.53
9.67
9.79
9.91
10.02
10.11
10.20
10.28
10.35
10.40
10.45
10.49
10.51
10.53
10.53
10.53
10.51
10.49
10.45
10.40
10.35
10.28
10.20
10.11
10.02
9.91
9.79
5.13
5.26
5.40
5.53
5.66
5.78
5.91
6.04
6.16
6.28
6.40
6.51
6.63
6.74
6.84
6.95
7.05
7.14
7.23
7.32
7.40
7.48
7.56
7.62
7.69
7.75
7.80
7.85
7.89
7.93
7.96
7.98
8.00
8.02
8.03
8.03
8.03
8.02
8.00
7.98
7.96
7.93
7.89
7.85
7.80
7.75
7.69
7.62
5.18
5.36
5.54
5.72
5.90
6.07
6.25
6.42
6.59
6.75
6.92
7.07
7.23
7.38
7.53
7.67
7.80
7.93
8.06
8.18
8.29
8.40
8.50
8.59
8.68
8.76
8.83
8.90
8.96
9.01
9.05
9.09
9.11
9.13
9.14
9.15
9.14
9.13
9.11
9.09
9.05
9.01
8.96
8.90
8.83
8.76
8.68
8.59
5.23
5.46
5.69
5.91
6.14
6.36
6.58
6.80
7.01
7.22
7.43
7.63
7.83
8.02
8.20
8.38
8.56
8.72
8.88
9.03
9.18
9.31
9.44
9.56
9.67
9.77
9.86
9.95
10.02
10.08
10.14
10.18
10.22
10.24
10.26
10.26
10.26
10.24
10.22
10.18
10.14
10.08
10.02
9.95
9.86
9.77
9.67
9.56
5.07
5.14
5.20
5.27
5.34
5.40
5.47
5.53
5.59
5.66
5.72
5.78
5.83
5.89
5.94
6.00
6.05
6.10
6.14
6.19
6.23
6.27
6.31
6.34
6.38
6.41
6.43
6.46
6.48
6.50
6.51
6.53
6.54
6.54
6.55
6.55
6.55
6.54
6.54
6.53
6.51
6.50
6.48
6.46
6.43
6.41
6.38
6.34
5.10
5.19
5.28
5.38
5.47
5.56
5.66
5.75
5.83
5.92
6.01
6.09
6.17
6.25
6.33
6.40
6.47
6.54
6.61
6.67
6.73
6.78
6.84
6.89
6.93
6.97
7.01
7.05
7.08
7.10
7.13
7.15
7.16
7.17
7.18
7.18
7.18
7.17
7.16
7.15
7.13
7.10
7.08
7.05
7.01
6.97
6.93
6.89
5.25
5.50
5.75
6.00
6.24
6.49
6.73
6.97
7.20
7.43
7.65
7.87
8.09
8.30
8.50
8.70
8.88
9.07
9.24
9.40
9.56
9.71
9.85
9.98
10.10
10.21
10.31
10.40
10.48
10.55
10.61
10.66
10.70
10.73
10.74
10.75
10.74
10.73
10.70
10.66
10.61
10.55
10.48
10.40
10.31
10.21
10.10
9.98
5.27
5.55
5.82
6.09
6.36
6.62
6.88
7.14
7.40
7.65
7.89
8.13
8.37
8.59
8.81
9.03
9.23
9.43
9.62
9.80
9.97
10.13
10.28
10.42
10.56
10.68
10.79
10.89
10.97
11.05
11.12
11.17
11.21
11.24
11.26
11.26
11.26
11.24
11.21
11.17
11.12
11.05
10.97
10.89
10.79
10.68
10.56
10.42
5.30
5.59
5.89
6.18
6.47
6.76
7.05
7.33
7.60
7.87
8.14
8.40
8.66
8.90
9.14
9.37
9.60
9.81
10.02
10.21
10.40
10.57
10.74
10.89
11.03
11.17
11.28
11.39
11.49
11.57
11.64
11.70
11.74
11.78
11.80
11.80
11.80
11.78
11.74
11.70
11.64
11.57
11.49
11.39
11.28
11.17
11.03
10.89
5.27
5.54
5.81
6.08
6.34
6.61
6.86
7.12
7.37
7.62
7.86
8.10
8.33
8.56
8.78
8.99
9.19
9.39
9.57
9.75
9.92
10.08
10.23
10.37
10.50
10.62
10.73
10.83
10.91
10.99
11.05
11.11
11.15
11.18
11.20
11.20
11.20
11.18
11.15
11.11
11.05
10.99
10.91
10.83
10.73
10.62
10.50
10.37
5.01
5.03
5.04
5.05
5.06
5.08
5.09
5.10
5.11
5.12
5.14
5.15
5.16
5.17
5.18
5.19
5.20
5.21
5.22
5.22
5.23
5.24
5.25
5.25
5.26
5.27
5.27
5.28
5.28
5.28
5.29
5.29
5.29
5.29
5.29
5.29
5.29
5.29
5.29
5.29
5.29
5.28
5.28
5.28
5.27
5.27
5.26
5.25
5.21
5.41
5.61
5.82
6.02
6.22
6.41
6.61
6.80
6.99
7.17
7.35
7.53
7.70
7.86
8.02
8.18
8.33
8.47
8.60
8.73
8.85
8.97
9.07
9.17
9.26
9.35
9.42
9.49
9.54
9.59
9.63
9.66
9.69
9.70
9.71
9.70
9.69
9.66
9.63
9.59
9.54
9.49
9.42
9.35
9.26
9.17
9.07
5.31
5.63
5.94
6.25
6.55
6.86
7.16
7.46
7.75
8.04
8.32
8.59
8.86
9.12
9.37
9.62
9.85
10.08
10.29
10.50
10.70
10.88
11.06
11.22
11.37
11.51
11.64
11.75
11.85
11.94
12.01
12.07
12.12
12.15
12.17
12.18
12.17
12.15
12.12
12.07
12.01
11.94
11.85
11.75
11.64
11.51
11.37
11.22
5.31
5.62
5.93
6.24
6.54
6.85
7.14
7.44
7.73
8.01
8.29
8.57
8.83
9.09
9.34
9.58
9.82
10.04
10.26
10.46
10.66
10.84
11.02
11.18
11.33
11.46
11.59
11.70
11.80
11.89
11.96
12.02
12.07
12.11
12.13
12.13
12.13
12.11
12.07
12.02
11.96
11.89
11.80
11.70
11.59
11.46
11.33
11.18
5.28
5.57
5.85
6.13
6.41
6.69
6.96
7.23
7.50
7.76
8.01
8.26
8.51
8.74
8.97
9.20
9.41
9.62
9.81
10.00
10.18
10.35
10.50
10.65
10.79
10.92
11.03
11.13
11.22
11.30
11.37
11.43
11.47
11.50
11.52
11.53
11.52
11.50
11.47
11.43
11.37
11.30
11.22
11.13
11.03
10.92
10.79
10.65
5.01
5.03
5.04
5.05
5.06
5.07
5.09
5.10
5.11
5.12
5.13
5.14
5.15
5.16
5.17
5.18
5.19
5.20
5.21
5.22
5.23
5.24
5.24
5.25
5.25
5.26
5.27
5.27
5.27
5.28
5.28
5.28
5.28
5.29
5.29
5.29
5.29
5.29
5.28
5.28
5.28
5.28
5.27
5.27
5.27
5.26
5.25
5.25
5.24
5.48
5.72
5.96
6.20
6.43
6.66
6.89
7.12
7.34
7.56
7.77
7.97
8.17
8.37
8.56
8.74
8.91
9.08
9.24
9.39
9.53
9.67
9.79
9.91
10.02
10.11
10.20
10.28
10.35
10.40
10.45
10.49
10.51
10.53
10.53
10.53
10.51
10.49
10.45
10.40
10.35
10.28
10.20
10.11
10.02
9.91
9.79
5.13
5.26
5.40
5.53
5.66
5.78
5.91
6.04
6.16
6.28
6.40
6.51
6.63
6.74
6.84
6.95
7.05
7.14
7.23
7.32
7.40
7.48
7.56
7.62
7.69
7.75
7.80
7.85
7.89
7.93
7.96
7.98
8.00
8.02
8.03
8.03
8.03
8.02
8.00
7.98
7.96
7.93
7.89
7.85
7.80
7.75
7.69
7.62
5.18
5.36
5.54
5.72
5.90
6.07
6.25
6.42
6.59
6.75
6.92
7.07
7.23
7.38
7.53
7.67
7.80
7.93
8.06
8.18
8.29
8.40
8.50
8.59
8.68
8.76
8.83
8.90
8.96
9.01
9.05
9.09
9.11
9.13
9.14
9.15
9.14
9.13
9.11
9.09
9.05
9.01
8.96
8.90
8.83
8.76
8.68
8.59
5.23
5.46
5.69
5.91
6.14
6.36
6.58
6.80
7.01
7.22
7.43
7.63
7.83
8.02
8.20
8.38
8.56
8.72
8.88
9.03
9.18
9.31
9.44
9.56
9.67
9.77
9.86
9.95
10.02
10.08
10.14
10.18
10.22
10.24
10.26
10.26
10.26
10.24
10.22
10.18
10.14
10.08
10.02
9.95
9.86
9.77
9.67
9.56
5.07
5.14
5.20
5.27
5.34
5.40
5.47
5.53
5.59
5.66
5.72
5.78
5.83
5.89
5.94
6.00
6.05
6.10
6.14
6.19
6.23
6.27
6.31
6.34
6.38
6.41
6.43
6.46
6.48
6.50
6.51
6.53
6.54
6.54
6.55
6.55
6.55
6.54
6.54
6.53
6.51
6.50
6.48
6.46
6.43
6.41
6.38
6.34
5.10
5.19
5.28
5.38
5.47
5.56
5.66
5.75
5.83
5.92
6.01
6.09
6.17
6.25
6.33
6.40
6.47
6.54
6.61
6.67
6.73
6.78
6.84
6.89
6.93
6.97
7.01
7.05
7.08
7.10
7.13
7.15
7.16
7.17
7.18
7.18
7.18
7.17
7.16
7.15
7.13
7.10
7.08
7.05
7.01
6.97
6.93
6.89
5.25
5.50
5.75
6.00
6.24
6.49
6.73
6.97
7.20
7.43
7.65
7.87
8.09
8.30
8.50
8.70
8.88
9.07
9.24
9.40
9.56
9.71
9.85
9.98
10.10
10.21
10.31
10.40
10.48
10.55
10.61
10.66
10.70
10.73
10.74
10.75
10.74
10.73
10.70
10.66
10.61
10.55
10.48
10.40
10.31
10.21
10.10
9.98
5.27
5.55
5.82
6.09
6.36
6.62
6.88
7.14
7.40
7.65
7.89
8.13
8.37
8.59
8.81
9.03
9.23
9.43
9.62
9.80
9.97
10.13
10.28
10.42
10.56
10.68
10.79
10.89
10.97
11.05
11.12
11.17
11.21
11.24
11.26
11.26
11.26
11.24
11.21
11.17
11.12
11.05
10.97
10.89
10.79
10.68
10.56
10.42
5.30
5.59
5.89
6.18
6.47
6.76
7.05
7.33
7.60
7.87
8.14
8.40
8.66
8.90
9.14
9.37
9.60
9.81
10.02
10.21
10.40
10.57
10.74
10.89
11.03
11.17
11.28
11.39
11.49
11.57
11.64
11.70
11.74
11.78
11.80
11.80
11.80
11.78
11.74
11.70
11.64
11.57
11.49
11.39
11.28
11.17
11.03
10.89
5.27
5.54
5.81
6.08
6.34
6.61
6.86
7.12
7.37
7.62
7.86
8.10
8.33
8.56
8.78
8.99
9.19
9.39
9.57
9.75
9.92
10.08
10.23
10.37
10.50
10.62
10.73
10.83
10.91
10.99
11.05
11.11
11.15
11.18
11.20
11.20
11.20
11.18
11.15
11.11
11.05
10.99
10.91
10.83
10.73
10.62
10.50
10.37
5.01
5.03
5.04
5.05
5.06
5.08
5.09
5.10
5.11
5.12
5.14
5.15
5.16
5.17
5.18
5.19
5.20
5.21
5.22
5.22
5.23
5.24
5.25
5.25
5.26
5.27
5.27
5.28
5.28
5.28
5.29
5.29
5.29
5.29
5.29
5.29
5.29
5.29
5.29
5.29
5.29
5.28
5.28
5.28
5.27
5.27
5.26
5.25