  1.00
  1.10
  1.21
  1.33
  1.46
  1.61
  1.77
  1.95
  2.14
  2.36
  2.59
  2.85
  3.14
  3.45
  3.80
  4.18
  4.59
  5.05
  5.56
  6.12
  6.73
  7.40
  8.14
  8.95
  9.85
 10.83
 11.92
 13.11
 14.42
 15.86
 17.45
 19.19
 21.11
 23.23
 25.55
 28.10
 30.91
 34.00
 37.40
 41.14
 45.26
 49.79
 54.76
 60.24
 66.26
 72.89
 80.18
 88.20
 97.02
  1.00
  1.10
  1.21
  1.33
  1.46
  1.61
  1.77
  1.95
  2.14
  2.36
  2.59
  2.85
  3.14
  3.45
  3.80
  4.18
  4.59
  5.05
  5.56
  6.12
  6.73
  7.40
  8.14
  8.95
  9.85
 10.83
 11.92
 13.11
 14.42
 15.86
 17.45
 19.19
 21.11
 23.23
 25.55
 28.10
 30.91
 34.00
 37.40
 41.14
 45.26
 49.79
 54.76
 60.24
 66.26
 72.89
 80.18
 88.20
 97.02
106.72
  1.00
  1.10
  1.21
  1.33
  1.46
  1.61
  1.77
  1.95
  2.14
  2.36
  2.59
  2.85
  3.14
  3.45
  3.80
  4.18
  4.59
  5.05
  5.56
  6.12
  6.73
  7.40
  8.14
  8.95
  9.85
 10.83
 11.92
 13.11
 14.42
 15.86
 17.45
 19.19
 21.11
 23.23
 25.55
 28.10
 30.91
 34.00
 37.40
 41.14
 45.26
 49.79
 54.76
 60.24
 66.26
 72.89
 80.18
 88.20
 97.02
106.72
117.39
  1.00
  1.10
  1.21
  1.33
  1.46
  1.61
  1.77
  1.95
  2.14
  2.36
  2.59
  2.85
  3.14
  3.45
  3.80
  4.18
  4.59
  5.05
  5.56
  6.12
  6.73
  7.40
  8.14
  8.95
  9.85
 10.83
 11.92
 13.11
 14.42
 15.86
 17.45
 19.19
 21.11
 23.23
 25.55
 28.10
 30.91
 34.00
 37.40
 41.14
 45.26
 49.79
 54.76
 60.24
 66.26
 72.89
 80.18
 88.20
 97.02
106.72
117.39
129.13
  1.00
  1.10
  1.21
  1.33
  1.46
  1.61
  1.77
  1.95
  2.14
  2.36
  2.59
  2.85
  3.14
  3.45
  3.80
  4.18
  4.59
  5.05
  5.56
  6.12
  6.73
  7.40
  8.14
  8.95
  9.85
 10.83
 11.92
 13.11
 14.42
 15.86
 17.45
 19.19
 21.11
 23.23
 25.55
 28.10
 30.91
 34.00
 37.40
 41.14
 45.26
 49.79
 54.76
 60.24
 66.26
 72.89
 80.18
 88.20
 97.02
106.72
117.39
129.13
142.04
  1.00
  1.10
  1.21
  1.33
  1.46
  1.61
  1.77
  1.95
  2.14
  2.36
  2.59
  2.85
  3.14
  3.45
  3.80
  4.18
  4.59
  5.05
  5.56
  6.12
  6.73
  7.40
  8.14
  8.95
  9.85
 10.83
 11.92
 13.11
 14.42
 15.86
 17.45
 19.19
 21.11
 23.23
 25.55
 28.10
 30.91
 34.00
 37.40
 41.14
 45.26
 49.79
 54.76
 60.24
 66.26
 72.89
 80.18
 88.20
 97.02
106.72
117.39
129.13
142.04
156.25
  1.00
  1.10
  1.21
  1.33
  1.46
  1.61
  1.77
  1.95
  2.14
  2.36
  2.59
  2.85
  3.14
  3.45
  3.80
  4.18
  4.59
  5.05
  5.56
  6.12
  6.73
  7.40
  8.14
  8.95
  9.85
 10.83
 11.92
 13.11
 14.42
 15.86
 17.45
 19.19
 21.11
 23.23
 25.55
 28.10
 30.91
 34.00
 37.40
 41.14
 45.26
 49.79
 54.76
 60.24
 66.26
 72.89
 80.18
 88.20
 97.02
106.72
117.39
129.13
142.04
156.25
171.87
  1.00
  1.10
  1.21
  1.33
  1.46
  1.61
  1.77
  1.95
  2.14
  2.36
  2.59
  2.85
  3.14
  3.45
  3.80
  4.18
  4.59
  5.05
  5.56
  6.12
  6.73
  7.40
  8.14
  8.95
  9.85
 10.83
 11.92
 13.11
 14.42
 15.86
 17.45
 19.19
 21.11
 23.23
 25.55
 28.10
 30.91
 34.00
 37.40
 41.14
 45.26
 49.79
 54.76
 60.24
 66.26
 72.89
 80.18
 88.20
 97.02
106.72
117.39
129.13
142.04
156.25
171.87
189.06
  1.00
  1.10
  1.21
  1.33
  1.46
  1.61
  1.77
  1.95
  2.14
  2.36
  2.59
  2.85
  3.14
  3.45
  3.80
  4.18
  4.59
  5.05
  5.56
  6.12
  6.73
  7.40
  8.14
  8.95
  9.85
 10.83
 11.92
 13.11
 14.42
 15.86
 17.45
 19.19
 21.11
 23.23
 25.55
 28.10
 30.91
 34.00
 37.40
 41.14
 45.26
 49.79
 54.76
 60.24
 66.26
 72.89
 80.18
 88.20
 97.02
106.72
117.39
129.13
142.04
156.25
171.87
189.06
207.97
  1.00
  1.10
  1.21
  1.33
  1.46
  1.61
  1.77
  1.95
  2.14
  2.36
  2.59
  2.85
  3.14
  3.45
  3.80
  4.18
  4.59
  5.05
  5.56
  6.12
  6.73
  7.40
  8.14
  8.95
  9.85
 10.83
 11.92
 13.11
 14.42
 15.86
 17.45
 19.19
 21.11
 23.23
 25.55
 28.10
 30.91
 34.00
 37.40
 41.14
 45.26
 49.79
 54.76
 60.24
 66.26
 72.89
 80.18
 88.20
 97.02
106.72
117.39
129.13
142.04
156.25
171.87
189.06
207.97
228.76
  1.00
  1.10
  1.21
  1.33
  1.46
  1.61
  1.77
  1.95
  2.14
  2.36
  2.59
  2.85
  3.14
  3.45
  3.80
  4.18
  4.59
  5.05
  5.56
  6.12
  6.73
  7.40
  8.14
  8.95
  9.85
 10.83
 11.92
 13.11
 14.42
 15.86
 17.45
 19.19
 21.11
 23.23
 25.55
 28.10
 30.91
 34.00
 37.40
 41.14
 45.26
 49.79
 54.76
 60.24
 66.26
 72.89
 80.18
 88.20
 97.02
106.72
117.39
129.13
142.04
156.25
171.87
189.06
207.97
228.76
251.64
  1.00
  1.10
  1.21
  1.33
  1.46
  1.61
  1.77
  1.95
  2.14
  2.36
  2.59
  2.85
  3.14
  3.45
  3.80
  4.18
  4.59
  5.05
  5.56
  6.12
  6.73
  7.40
  8.14
  8.95
  9.85
 10.83
 11.92
 13.11
 14.42
 15.86
 17.45
 19.19
 21.11
 23.23
 25.55
 28.10
 30.91
 34.00
 37.40
 41.14
 45.26
 49.79
 54.76
 60.24
 66.26
 72.89
 80.18
 88.20
 97.02
106.72
117.39
129.13
142.04
156.25
171.87
189.06
207.97
228.76
251.64
276.80
  1.00
  1.10
  1.21
  1.33
  1.46
  1.61
  1.77
  1.95
  2.14
  2.36
  2.59
  2.85
  3.14
  3.45
  3.80
  4.18
  4.59
  5.05
  5.56
  6.12
  6.73
  7.40
  8.14
  8.95
  9.85
 10.83
 11.92
 13.11
 14.42
 15.86
 17.45
 19.19
 21.11
 23.23
 25.55
 28.10
 30.91
 34.00
 37.40
 41.14
 45.26
 49.79
 54.76
 60.24
 66.26
 72.89
 80.18
 88.20
 97.02
106.72
117.39
129.13
142.04
156.25
171.87
189.06
207.97
228.76
251.64
276.80
304.48
  1.00
  1.10
  1.21
  1.33
  1.46
  1.61
  1.77
  1.95
  2.14
  2.36
  2.59
  2.85
  3.14
  3.45
  3.80
  4.18
  4.59
  5.05
  5.56
  6.12
  6.73
  7.40
  8.14
  8.95
  9.85
 10.83
 11.92
 13.11
 14.42
 15.86
 17.45
 19.19
 21.11
 23.23
 25.55
 28.10
 30.91
 34.00
 37.40
 41.14
 45.26
 49.79
 54.76
 60.24
 66.26
 72.89
 80.18
 88.20
 97.02
106.72
117.39
129.13
142.04
156.25
171.87
189.06
207.97
228.76
251.64
276.80
304.48
334.93
  1.00
  1.10
  1.21
  1.33
  1.46
  1.61
  1.77
  1.95
  2.14
  2.36
  2.59
  2.85
  3.14
  3.45
  3.80
  4.18
  4.59
  5.05
  5.56
  6.12
  6.73
  7.40
  8.14
  8.95
  9.85
 10.83
 11.92
 13.11
 14.42
 15.86
 17.45
 19.19
 21.11
 23.23
 25.55
 28.10
 30.91
 34.00
 37.40
 41.14
 45.26
 49.79
 54.76
 60.24
 66.26
 72.89
 80.18
 88.20
 97.02
106.72
117.39
129.13
142.04
156.25
171.87
189.06
207.97
228.76
251.64
276.80
304.48
334.93
368.42
  1.00
  1.10
  1.21
  1.33
  1.46
  1.61
  1.77
  1.95
  2.14
  2.36
  2.59
  2.85
  3.14
  3.45
  3.80
  4.18
  4.59
  5.05
  5.56
  6.12
  6.73
  7.40
  8.14
  8.95
  9.85
 10.83
 11.92
 13.11
 14.42
 15.86
 17.45
 19.19
 21.11
 23.23
 25.55
 28.10
 30.91
 34.00
 37.40
 41.14
 45.26
 49.79
 54.76
 60.24
 66.26
 72.89
 80.18
 88.20
 97.02
106.72
117.39
129.13
142.04
156.25
171.87
189.06
207.97
228.76
251.64
276.80
304.48
334.93
368.42
  1.00
  1.10
  1.21
  1.33
  1.46
  1.61
  1.77
  1.95
  2.14
  2.36
  2.59
  2.85
  3.14
  3.45
  3.80
  4.18
  4.59
  5.05
  5.56
  6.12
  6.73
  7.40
  8.14
  8.95
  9.85
 10.83
 11.92
 13.11
 14.42
 15.86
 17.45
 19.19
 21.11
 23.23
 25.55
 28.10
 30.91
 34.00
 37.40
 41.14
 45.26
 49.79
 54.76
 60.24
 66.26
 72.89
 80.18
 88.20
 97.02
106.72
117.39
129.13
142.04
156.25
171.87
189.06
207.97
228.76
251.64
276.80
304.48
334.93
368.42
  1.00
  1.10
  1.21
  1.33
  1.46
  1.61
  1.77
  1.95
  2.14
  2.36
  2.59
  2.85
  3.14
  3.45
  3.80
  4.18
  4.59
  5.05
  5.56
  6.12
  6.73
  7.40
  8.14
  8.95
  9.85
 10.83
 11.92
 13.11
 14.42
 15.86
 17.45
 19.19
 21.11
 23.23
 25.55
 28.10
 30.91
 34.00
 37.40
 41.14
 45.26
 49.79
 54.76
 60.24
 66.26
 72.89
 80.18
 88.20
 97.02
106.72
117.39
129.13
142.04
156.25
171.87
189.06
207.97
228.76
251.64
276.80
304.48
334.93
368.42
  1.00
  1.10
  1.21
  1.33
  1.46
  1.61
  1.77
  1.95
  2.14
  2.36
  2.59
  2.85
  3.14
  3.45
  3.80
  4.18
  4.59
  5.05
  5.56
  6.12
  6.73
  7.40
  8.14
  8.95
  9.85
 10.83
 11.92
 13.11
 14.42
 15.86
 17.45
 19.19
 21.11
 23.23
 25.55
 28.10
 30.91
 34.00
 37.40
 41.14
 45.26
 49.79
 54.76
 60.24
 66.26
 72.89
 80.18
 88.20
 97.02
106.72
117.39
129.13
142.04
156.25
171.87
189.06
207.97
228.76
251.64
276.80
304.48
334.93
368.42
  1.00
  1.10
  1.21
  1.33
  1.46
  1.61
  1.77
  1.95
  2.14
  2.36
  2.59
  2.85
  3.14
  3.45
  3.80
  4.18
  4.59
  5.05
  5.56
  6.12
  6.73
  7.40
  8.14
  8.95
  9.85
 10.83
 11.92
 13.11
 14.42
 15.86
 17.45
 19.19
 21.11
 23.23
 25.55
 28.10
 30.91
 34.00
 37.40
 41.14
 45.26
 49.79
 54.76
 60.24
 66.26
 72.89
 80.18
 88.20
 97.02
106.72
117.39
129.13
142.04
156.25
171.87
189.06
207.97
228.76
251.64
276.80
304.48
334.93
368.42
  1.00
  1.10
  1.21
  1.33
  1.46
  1.61
  1.77
  1.95
  2.14
  2.36
  2.59
  2.85
  3.14
  3.45
  3.80
  4.18
  4.59
  5.05
  5.56
  6.12
  6.73
  7.40
  8.14
  8.95
  9.85
 10.83
 11.92
 13.11
 14.42
 15.86
 17.45
 19.19
 21.11
 23.23
 25.55
 28.10
 30.91
 34.00
 37.40
 41.14
 45.26
 49.79
 54.76
 60.24
 66.26
 72.89
 80.18
 88.20
 97.02
106.72
117.39
129.13
142.04
156.25
171.87
189.06
207.97
228.76
251.64
276.80
304.48
334.93
368.42
  1.00
  1.10
  1.21
  1.33
  1.46
  1.61
  1.77
  1.95
  2.14
  2.36
  2.59
  2.85
  3.14
  3.45
  3.80
  4.18
  4.59
  5.05
  5.56
  6.12
  6.73
  7.40
  8.14
  8.95
  9.85
 10.83
 11.92
 13.11
 14.42
 15.86
 17.45
 19.19
 21.11
 23.23
 25.55
 28.10
 30.91
 34.00
 37.40
 41.14
 45.26
 49.79
 54.76
 60.24
 66.26
 72.89
 80.18
 88.20
 97.02
106.72
117.39
129.13
142.04
156.25
171.87
189.06
207.97
228.76
251.64
276.80
304.48
334.93
368.42
  1.00
  1.10
  1.21
  1.33
  1.46
  1.61
  1.77
  1.95
  2.14
  2.36
  2.59
  2.85
  3.14
  3.45
  3.80
  4.18
  4.59
  5.05
  5.56
  6.12
  6.73
  7.40
  8.14
  8.95
  9.85
 10.83
 11.92
 13.11
 14.42
 15.86
 17.45
 19.19
 21.11
 23.23
 25.55
 28.10
 30.91
 34.00
 37.40
 41.14
 45.26
 49.79
 54.76
 60.24
 66.26
 72.89
 80.18
 88.20
 97.02
106.72
117.39
129.13
142.04
156.25
171.87
189.06
207.97
228.76
251.64
276.80
304.48
334.93
368.42
  1.00
  1.10
  1.21
  1.33
  1.46
  1.61
  1.77
  1.95
  2.14
  2.36
  2.59
  2.85
  3.14
  3.45
  3.80
  4.18
  4.59
  5.05
  5.56
  6.12
  6.73
  7.40
  8.14
  8.95
  9.85
 10.83
 11.92
 13.11
 14.42
 15.86
 17.45
 19.19
 21.11
 23.23
 25.55
 28.10
 30.91
 34.00
 37.40
 41.14
 45.26
 49.79
 54.76
 60.24
 66.26
 72.89
 80.18
 88.20
 97.02
106.72
117.39
129.13
142.04
156.25
171.87
189.06
207.97
228.76
251.64
276.80
304.48
334.93
368.42
  1.00
  1.10
  1.21
  1.33
  1.46
  1.61
  1.77
  1.95
  2.14
  2.36
  2.59
  2.85
  3.14
  3.45
  3.80
  4.18
  4.59
  5.05
  5.56
  6.12
  6.73
  7.40
  8.14
  8.95
  9.85
 10.83
 11.92
 13.11
 14.42
 15.86
 17.45
 19.19
 21.11
 23.23
 25.55
 28.10
 30.91
 34.00
 37.40
 41.14
 45.26
 49.79
 54.76
 60.24
 66.26
 72.89
 80.18
 88.20
 97.02
106.72
117.39
129.13
142.04
156.25
171.87
189.06
207.97
228.76
251.64
276.80
304.48
334.93
368.42
  1.00
  1.10
  1.21
  1.33
  1.46
  1.61
  1.77
  1.95
  2.14
  2.36
  2.59
  2.85
  3.14
  3.45
  3.80
  4.18
  4.59
  5.05
  5.56
  6.12
  6.73
  7.40
  8.14
  8.95
  9.85
 10.83
 11.92
 13.11
 14.42
 15.86
 17.45
 19.19
 21.11
 23.23
 25.55
 28.10
 30.91
 34.00
 37.40
 41.14
 45.26
 49.79
 54.76
 60.24
 66.26
 72.89
 80.18
 88.20
 97.02
106.72
117.39
129.13
142.04
156.25
171.87
189.06
207.97
228.76
251.64
276.80
304.48
334.93
368.42
  1.00
  1.10
  1.21
  1.33
  1.46
  1.61
  1.77
  1.95
  2.14
  2.36
  2.59
  2.85
  3.14
  3.45
  3.80
  4.18
  4.59
  5.05
  5.56
  6.12
  6.73
  7.40
  8.14
  8.95
  9.85
 10.83
 11.92
 13.11
 14.42
 15.86
 17.45
 19.19
 21.11
 23.23
 25.55
 28.10
 30.91
 34.00
 37.40
 41.14
 45.26
 49.79
 54.76
 60.24
 66.26
 72.89
 80.18
 88.20
 97.02
106.72
117.39
129.13
142.04
156.25
171.87
189.06
207.97
228.76
251.64
276.80
304.48
334.93
368.42
  1.00
  1.10
  1.21
  1.33
  1.46
  1.61
  1.77
  1.95
  2.14
  2.36
  2.59
  2.85
  3.14
  3.45
  3.80
  4.18
  4.59
  5.05
  5.56
  6.12
  6.73
  7.40
  8.14
  8.95
  9.85
 10.83
 11.92
 13.11
 14.42
 15.86
 17.45
 19.19
 21.11
 23.23
 25.55
 28.10
 30.91
 34.00
 37.40
 41.14
 45.26
 49.79
 54.76
 60.24
 66.26
 72.89
 80.18
 88.20
 97.02
106.72
117.39
129.13
142.04
156.25
171.87
189.06
207.97
228.76
251.64
276.80
304.48
334.93
368.42
  1.00
  1.10
  1.21
  1.33
  1.46
  1.61
  1.77
  1.95
  2.14
  2.36
  2.59
  2.85
  3.14
  3.45
  3.80
  4.18
  4.59
  5.05
  5.56
  6.12
  6.73
  7.40
  8.14
  8.95
  9.85
 10.83
 11.92
 13.11
 14.42
 15.86
 17.45
 19.19
 21.11
 23.23
 25.55
 28.10
 30.91
 34.00
 37.40
 41.14
 45.26
 49.79
 54.76
 60.24
 66.26
 72.89
 80.18
 88.20
 97.02
106.72
117.39
129.13
142.04
156.25
171.87
189.06
207.97
228.76
251.64
276.80
304.48
334.93
368.42
  1.00
  1.10
  1.21
  1.33
  1.46
  1.61
  1.77
  1.95
  2.14
  2.36
  2.59
  2.85
  3.14
  3.45
  3.80
  4.18
  4.59
  5.05
  5.56
  6.12
  6.73
  7.40
  8.14
  8.95
  9.85
 10.83
 11.92
 13.11
 14.42
 15.86
 17.45
 19.19
 21.11
 23.23
 25.55
 28.10
 30.91
 34.00
 37.40
 41.14
 45.26
 49.79
 54.76
 60.24
 66.26
 72.89
 80.18
 88.20
 97.02
106.72
117.39
129.13
142.04
156.25
171.87
189.06
207.97
228.76
251.64
276.80
304.48
334.93
368.42
  1.00
  1.10
  1.21
  1.33
  1.46
  1.61
  1.77
  1.95
  2.14
  2.36
  2.59
  2.85
  3.14
  3.45
  3.80
  4.18
  4.59
  5.05
  5.56
  6.12
  6.73
  7.40
  8.14
  8.95
  9.85
 10.83
 11.92
 13.11
 14.42
 15.86
 17.45
 19.19
 21.11
 23.23
 25.55
 28.10
 30.91
 34.00
 37.40
 41.14
 45.26
 49.79
 54.76
 60.24
 66.26
 72.89
 80.18
 88.20
 97.02
106.72
117.39
129.13
142.04
156.25
171.87
189.06
207.97
228.76
251.64
276.80
304.48
334.93
368.42
  1.00
  1.10
  1.21
  1.33
  1.46
  1.61
  1.77
  1.95
  2.14
  2.36
  2.59
  2.85
  3.14
  3.45
  3.80
  4.18
  4.59
  5.05
  5.56
  6.12
  6.73
  7.40
  8.14
  8.95
  9.85
 10.83
 11.92
 13.11
 14.42
 15.86
 17.45
 19.19
 21.11
 23.23
 25.55
 28.10
 30.91
 34.00
 37.40
 41.14
 45.26
 49.79
 54.76
 60.24
 66.26
 72.89
 80.18
 88.20
 97.02
106.72
117.39
129.13
142.04
156.25
171.87
189.06
207.97
228.76
251.64
276.80
304.48
334.93
368.42
  1.00
  1.10
  1.21
  1.33
  1.46
  1.61
  1.77
  1.95
  2.14
  2.36
  2.59
  2.85
  3.14
  3.45
  3.80
  4.18
  4.59
  5.05
  5.56
  6.12
  6.73
  7.40
  8.14
  8.95
  9.85
 10.83
 11.92
 13.11
 14.42
 15.86
 17.45
 19.19
 21.11
 23.23
 25.55
 28.10
 30.91
 34.00
 37.40
 41.14
 45.26
 49.79
 54.76
 60.24
 66.26
 72.89
 80.18
 88.20
 97.02
106.72
117.39
129.13
142.04
156.25
171.87
189.06
207.97
228.76
251.64
276.80
304.48
334.93
368.42
  1.00
  1.10
  1.21
  1.33
  1.46
  1.61
  1.77
  1.95
  2.14
  2.36
  2.59
  2.85
  3.14
  3.45
  3.80
  4.18
  4.59
  5.05
  5.56
  6.12
  6.73
  7.40
  8.14
  8.95
  9.85
 10.83
 11.92
 13.11
 14.42
 15.86
 17.45
 19.19
 21.11
 23.23
 25.55
 28.10
 30.91
 34.00
 37.40
 41.14
 45.26
 49.79
 54.76
 60.24
 66.26
 72.89
 80.18
 88.20
 97.02
106.72
117.39
129.13
142.04
156.25
171.87
189.06
207.97
228.76
251.64
276.80
304.48
334.93
368.42
  1.00
  1.10
  1.21
  1.33
  1.46
  1.61
  1.77
  1.95
  2.14
  2.36
  2.59
  2.85
  3.14
  3.45
  3.80
  4.18
  4.59
  5.05
  5.56
  6.12
  6.73
  7.40
  8.14
  8.95
  9.85
 10.83
 11.92
 13.11
 14.42
 15.86
 17.45
 19.19
 21.11
 23.23
 25.55
 28.10
 30.91
 34.00
 37.40
 41.14
 45.26
 49.79
 54.76
 60.24
 66.26
 72.89
 80.18
 88.20
 97.02
106.72
117.39
129.13
142.04
156.25
171.87
189.06
207.97
228.76
251.64
276.80
304.48
334.93
368.42
  1.00
  1.10
  1.21
  1.33
  1.46
  1.61
  1.77
  1.95
  2.14
  2.36
  2.59
  2.85
  3.14
  3.45
  3.80
  4.18
  4.59
  5.05
  5.56
  6.12
  6.73
  7.40
  8.14
  8.95
  9.85
 10.83
 11.92
 13.11
 14.42
 15.86
 17.45
 19.19
 21.11
 23.23
 25.55
 28.10
 30.91
 34.00
 37.40
 41.14
 45.26
 49.79
 54.76
 60.24
 66.26
 72.89
 80.18
 88.20
 97.02
106.72
117.39
129.13
142.04
156.25
171.87
189.06
207.97
228.76
251.64
276.80
304.48
334.93
368.42
  1.00
  1.10
  1.21
  1.33
  1.46
  1.61
  1.77
  1.95
  2.14
  2.36
  2.59
  2.85
  3.14
  3.45
  3.80
  4.18
  4.59
  5.05
  5.56
  6.12
  6.73
  7.40
  8.14
  8.95
  9.85
 10.83
 11.92
 13.11
 14.42
 15.86
 17.45
 19.19
 21.11
 23.23
 25.55
 28.10
 30.91
 34.00
 37.40
 41.14
 45.26
 49.79
 54.76
 60.24
 66.26
 72.89
 80.18
 88.20
 97.02
106.72
117.39
129.13
142.04
156.25
171.87
189.06
207.97
228.76
251.64
276.80
304.48
334.93
368.42
  1.00
  1.10
  1.21
  1.33
  1.46
  1.61
  1.77
  1.95
  2.14
  2.36
  2.59
  2.85
  3.14
  3.45
  3.80
  4.18
  4.59
  5.05
  5.56
  6.12
  6.73
  7.40
  8.14
  8.95
  9.85
 10.83
 11.92
 13.11
 14.42
 15.86
 17.45
 19.19
 21.11
 23.23
 25.55
 28.10
 30.91
 34.00
 37.40
 41.14
 45.26
 49.79
 54.76
 60.24
 66.26
 72.89
 80.18
 88.20
 97.02
106.72
117.39
129.13
142.04
156.25
171.87
189.06
207.97
228.76
251.64
276.80
304.48
334.93
368.42
  1.00
  1.10
  1.21
  1.33
  1.46
  1.61
  1.77
  1.95
  2.14
  2.36
  2.59
  2.85
  3.14
  3.45
  3.80
  4.18
  4.59
  5.05
  5.56
  6.12
  6.73
  7.40
  8.14
  8.95
  9.85
 10.83
 11.92
 13.11
 14.42
 15.86
 17.45
 19.19
 21.11
 23.23
 25.55
 28.10
 30.91
 34.00
 37.40
 41.14
 45.26
 49.79
 54.76
 60.24
 66.26
 72.89
 80.18
 88.20
 97.02
106.72
117.39
129.13
142.04
156.25
171.87
189.06
207.97
228.76
251.64
276.80
304.48
334.93
368.42
